      0/29     1.22G   0.05942   0.03755         0   0.09697       122       640     0.705    0.6666    0.6771    0.2038   0.07918    0.1151         0
      1/29     10.6G   0.04344   0.03794         0   0.08138       214       640    0.8621    0.7732    0.8499     0.393   0.06716     0.122         0
      2/29     12.9G   0.03863   0.03772         0   0.07635       108       640    0.8552    0.7824    0.8473    0.4021   0.06573    0.1237         0
      3/29     12.9G   0.03648   0.03705         0   0.07353        95       640    0.8799    0.8085    0.8802    0.4334   0.06265    0.1293         0
      4/29     12.9G    0.0353   0.03608         0   0.07138       209       640    0.8867    0.8389    0.9009    0.4649   0.06077    0.1335         0
      5/29     12.9G   0.03466   0.03568         0   0.07033       152       640    0.8882    0.8374    0.9006    0.4724   0.06002    0.1374         0
      6/29     12.9G   0.03422   0.03528         0   0.06949       123       640    0.8999    0.8446    0.9096    0.4892    0.0596    0.1379         0
      7/29     12.9G   0.03381   0.03491         0   0.06872       119       640    0.9046    0.8363    0.9087    0.4905   0.05872    0.1426         0
      8/29     12.9G   0.03339   0.03425         0   0.06764       120       640    0.9036    0.8549    0.9176    0.4937   0.05857    0.1439         0
      9/29     12.9G   0.03326   0.03459         0   0.06785       102       640    0.8978    0.8536    0.9138     0.496   0.05836    0.1475         0
     10/29     12.9G   0.03284   0.03399         0   0.06683       108       640    0.9137    0.8392    0.9115     0.493     0.058    0.1499         0
     11/29     12.9G   0.03269   0.03368         0   0.06637       159       640    0.9061    0.8568    0.9201    0.5063   0.05782    0.1486         0
     12/29     12.9G   0.03247   0.03391         0   0.06639       167       640    0.9048    0.8617    0.9206    0.5077   0.05755    0.1465         0
     13/29     12.9G   0.03241   0.03355         0   0.06596       191       640     0.907    0.8614     0.919    0.5081    0.0572    0.1499         0
     14/29     12.9G   0.03208   0.03355         0   0.06563       173       640    0.9083    0.8651    0.9239      0.51   0.05699    0.1493         0
     15/29     12.9G   0.03189    0.0334         0   0.06529       150       640    0.9159    0.8628    0.9248    0.5164   0.05652    0.1547         0
     16/29     12.9G   0.03173   0.03317         0   0.06491        93       640     0.909    0.8712    0.9271    0.5194   0.05615    0.1527         0
     17/29     12.9G   0.03165   0.03328         0   0.06493       195       640    0.9083    0.8692    0.9267    0.5212   0.05545    0.1551         0
     18/29     12.9G   0.03158   0.03363         0   0.06521        71       640    0.9108    0.8726    0.9269    0.5203   0.05485    0.1554         0
     19/29     12.9G   0.03129   0.03386         0   0.06515        96       640    0.9077    0.8788    0.9288    0.5216   0.05176     0.166         0
     20/29     12.9G   0.03104   0.03402         0   0.06506       117       640    0.9111    0.8766    0.9304    0.5212   0.05084    0.1666         0
     21/29     12.9G   0.03069   0.03452         0   0.06521       197       640    0.9132    0.8741    0.9287     0.522   0.05037    0.1705         0
     22/29     12.9G   0.03042   0.03356         0   0.06398       104       640    0.9083    0.8828    0.9311    0.5251   0.04976    0.1711         0
     23/29     12.9G   0.03029   0.03384         0   0.06414       146       640     0.915    0.8748    0.9304    0.5231   0.04995    0.1715         0
     24/29     12.9G   0.03012   0.03369         0   0.06381       117       640    0.9215    0.8707     0.932    0.5256   0.04973     0.173         0
     25/29     12.9G      0.03   0.03362         0   0.06362       194       640    0.9149    0.8767    0.9308    0.5241   0.04963    0.1745         0
     26/29     12.9G   0.02981   0.03356         0   0.06337       224       640    0.9128    0.8803     0.931    0.5236   0.04973    0.1742         0
     27/29     12.9G   0.02965   0.03313         0   0.06279       103       640    0.9131    0.8812    0.9321    0.5247   0.04962    0.1751         0
     28/29     12.9G   0.02959   0.03319         0   0.06278        89       640    0.9139    0.8803    0.9323    0.5243   0.04967    0.1753         0
     29/29     12.9G   0.02957     0.033         0   0.06257       100       640    0.9127    0.8811    0.9318    0.5245   0.04967     0.176         0
