      0/14     3.39G    0.0778   0.03667         0    0.1145      2250       640    0.3083    0.3476     0.215   0.04834    0.1043    0.0897         0
      1/14     18.4G   0.06157   0.03855         0    0.1001      2509       640     0.652    0.6037    0.6114    0.1917    0.0891   0.07748         0
      2/14       23G   0.05291   0.04139         0    0.0943      1822       640    0.7704    0.6857    0.7327    0.2795   0.07597   0.09826         0
      3/14       23G   0.04771   0.04083         0   0.08854      2298       640     0.788    0.7019    0.7737    0.3435   0.07474    0.1034         0
      4/14       23G   0.04451   0.04014         0   0.08465      2348       640    0.8483    0.7722    0.8442    0.3893   0.06887    0.1061         0
      5/14       23G   0.04271   0.03903         0   0.08174      2119       640    0.8554    0.7747    0.8481    0.4096   0.06722    0.1156         0
      6/14       23G   0.04052   0.03821         0   0.07873      2541       640    0.8668    0.7864    0.8597    0.3905   0.06585    0.1166         0
      7/14       23G    0.0395   0.03862         0   0.07812      2186       640    0.8618    0.8035    0.8698    0.4344   0.06395     0.117         0
      8/14       23G   0.03869   0.03786         0   0.07655      2239       640    0.8742     0.806    0.8763    0.4434   0.06325    0.1221         0
      9/14       23G   0.03786   0.03747         0   0.07533      2494       640    0.8773    0.8148    0.8811    0.4492   0.06181    0.1221         0
     10/14       23G   0.03717   0.03679         0   0.07396      2690       640     0.884    0.8192    0.8879    0.4562   0.06151    0.1229         0
     11/14       23G   0.03679   0.03687         0   0.07365      2251       640     0.879    0.8261    0.8898    0.4671   0.06089    0.1249         0
     12/14       23G   0.03641   0.03629         0    0.0727      2097       640    0.8796    0.8274    0.8884    0.4638   0.06104    0.1268         0
     13/14       23G   0.03619   0.03716         0   0.07335      1957       640    0.8759    0.8372    0.8964    0.4682    0.0609     0.125         0
     14/14       23G    0.0362   0.03635         0   0.07254      2446       640    0.8898    0.8288     0.898    0.4703   0.06022     0.124         0
