      0/29     1.97G   0.06559   0.03846         0    0.1041       785       640    0.6738    0.6324    0.6289    0.2051   0.08107   0.09027         0
      1/29     10.6G   0.04734   0.04029         0   0.08762      1080       640    0.8227    0.7471    0.8054    0.3614   0.07231    0.1092         0
      2/29     13.9G   0.04154   0.03957         0   0.08111      1024       640    0.8594    0.7918    0.8582    0.4216   0.06605    0.1186         0
      3/29     13.9G   0.03914   0.03846         0    0.0776      1223       640    0.8711    0.7986    0.8652    0.4253   0.06355    0.1227         0
      4/29     13.9G   0.03776   0.03846         0   0.07622      1214       640    0.8667    0.8082     0.873    0.4487   0.06267      0.13         0
      5/29     13.9G   0.03671   0.03793         0   0.07464       914       640    0.8853    0.8198    0.8885    0.4556   0.06095    0.1351         0
      6/29     13.9G   0.03577   0.03698         0   0.07275      1283       640    0.8911    0.8323    0.9012     0.473   0.06049    0.1352         0
      7/29     13.9G   0.03514   0.03643         0   0.07157      1132       640    0.9021    0.8357    0.9075    0.4791   0.05993    0.1382         0
      8/29     13.9G    0.0349    0.0363         0   0.07119      1124       640    0.8924    0.8361    0.8998    0.4832   0.05869    0.1412         0
      9/29     13.9G   0.03454   0.03597         0   0.07051      1175       640    0.8976    0.8446    0.9093      0.49   0.05867    0.1385         0
     10/29     13.9G    0.0342   0.03596         0   0.07017      1005       640    0.9025    0.8427    0.9119    0.4974   0.05809    0.1442         0
     11/29     13.9G   0.03403   0.03545         0   0.06948       978       640    0.9042    0.8495    0.9146    0.4986   0.05733    0.1447         0
     12/29     13.9G   0.03374   0.03587         0   0.06961      1210       640    0.9076    0.8512    0.9174    0.4962   0.05748    0.1442         0
     13/29     13.9G   0.03351   0.03533         0   0.06884       950       640    0.9027    0.8444    0.9103    0.4931    0.0572    0.1482         0
     14/29     13.9G   0.03332   0.03502         0   0.06833      1055       640    0.9021    0.8603    0.9164    0.5068     0.056    0.1502         0
     15/29     13.9G   0.03323    0.0352         0   0.06842       834       640    0.9063    0.8514    0.9142    0.5063   0.05643    0.1501         0
     16/29     13.9G   0.03304   0.03505         0   0.06809      1070       640    0.9045    0.8694    0.9241     0.513   0.05601    0.1503         0
     17/29     13.9G   0.03283   0.03459         0   0.06741      1153       640    0.9089    0.8653    0.9238    0.5114   0.05586    0.1511         0
     18/29     13.9G   0.03254   0.03464         0   0.06718      1326       640    0.9102    0.8647    0.9246    0.5164   0.05556    0.1532         0
     19/29     13.9G   0.03258   0.03447         0   0.06705       945       640    0.9023    0.8746    0.9255    0.5154   0.05525    0.1534         0
     20/29     13.9G   0.03227    0.0345         0   0.06676      1128       640    0.9118    0.8637    0.9244    0.5157   0.05489    0.1543         0
     21/29     13.9G   0.03209   0.03427         0   0.06635      1207       640    0.9092    0.8709    0.9278    0.5189   0.05414    0.1552         0
     22/29     13.9G   0.03199   0.03456         0   0.06655      1019       640    0.9141    0.8725    0.9298    0.5223    0.0528    0.1606         0
     23/29     13.9G   0.03181   0.03477         0   0.06658       952       640    0.9116    0.8734    0.9288    0.5207    0.0521    0.1646         0
     24/29     13.9G   0.03168   0.03465         0   0.06633      1024       640    0.9185    0.8684    0.9314    0.5235   0.05177    0.1644         0
     25/29     13.9G   0.03148   0.03474         0   0.06622      1041       640    0.9169     0.871    0.9299    0.5242   0.05147    0.1644         0
     26/29     13.9G   0.03128   0.03446         0   0.06574       913       640    0.9162     0.872    0.9301    0.5232   0.05128    0.1654         0
     27/29     13.9G   0.03126   0.03505         0   0.06632      1211       640    0.9169    0.8716    0.9305    0.5247   0.05112    0.1653         0
     28/29     13.9G   0.03116   0.03458         0   0.06574      1183       640    0.9123    0.8782    0.9306    0.5248   0.05112    0.1647         0
     29/29     13.9G   0.03111   0.03431         0   0.06541      1089       640    0.9151    0.8763    0.9314    0.5254    0.0511    0.1648         0
