      0/29        1G   0.07251   0.03681         0    0.1093       601       640    0.3417    0.5317    0.3123     0.089   0.09685   0.08029         0
      1/29     9.53G   0.05336   0.03831         0   0.09166       446       640    0.7857    0.6911    0.7283    0.2751   0.08038    0.1008         0
      2/29     10.9G   0.04726   0.03753         0    0.0848       560       640    0.8448    0.7488    0.8207    0.3602   0.07399    0.1088         0
      3/29     10.9G   0.04433   0.03694         0   0.08127       490       640    0.8438    0.7663    0.8343     0.364   0.07411     0.109         0
      4/29     10.9G   0.04245   0.03799         0   0.08044       539       640    0.8743    0.7943    0.8728    0.4379   0.06653    0.1169         0
      5/29     10.9G   0.04008   0.03802         0   0.07809       607       640    0.8713     0.811    0.8762    0.4358   0.06422    0.1192         0
      6/29     10.9G   0.03875   0.03718         0   0.07594       752       640    0.8758    0.8121    0.8839    0.4378   0.06254     0.121         0
      7/29     10.9G   0.03772    0.0377         0   0.07543       543       640    0.8755    0.8084    0.8749    0.4451   0.06324    0.1255         0
      8/29     10.9G   0.03711   0.03738         0   0.07449       407       640    0.8796    0.8273    0.8904     0.449   0.06282    0.1244         0
      9/29     10.9G    0.0366   0.03648         0   0.07308       421       640    0.8967    0.8199    0.8959    0.4655   0.06147    0.1326         0
     10/29     10.9G   0.03576   0.03589         0   0.07164       334       640    0.8951    0.8286    0.8988    0.4754   0.06139    0.1314         0
     11/29     10.9G   0.03541   0.03568         0    0.0711       594       640    0.8961    0.8402    0.9094    0.4847   0.06103    0.1289         0
     12/29     10.9G   0.03518   0.03524         0   0.07042       709       640    0.8944    0.8389    0.9078     0.477   0.06121    0.1286         0
     13/29     10.9G   0.03475   0.03587         0   0.07062       774       640    0.9015    0.8492    0.9171    0.4924   0.06034    0.1267         0
     14/29     10.9G   0.03465   0.03498         0   0.06963       360       640    0.9038     0.853    0.9162    0.4962   0.06019    0.1295         0
     15/29     10.9G   0.03426   0.03571         0   0.06996       605       640    0.9142    0.8441    0.9168    0.5057   0.05947    0.1317         0
     16/29     10.9G    0.0342   0.03523         0   0.06943       532       640    0.9075    0.8516    0.9169    0.4999    0.0597    0.1311         0
     17/29     10.9G   0.03387   0.03464         0   0.06851       399       640    0.9066    0.8644    0.9223    0.5081   0.05921    0.1329         0
     18/29     10.9G    0.0338   0.03524         0   0.06904       635       640    0.9053    0.8614    0.9211    0.5077   0.05955    0.1314         0
     19/29     10.9G   0.03368   0.03463         0   0.06831       604       640    0.9044    0.8612      0.92      0.51    0.0588    0.1348         0
     20/29     10.9G   0.03357   0.03499         0   0.06856       530       640    0.9052    0.8683    0.9258    0.5142   0.05879    0.1336         0
     21/29     10.9G   0.03328    0.0345         0   0.06779       632       640     0.906    0.8679    0.9245     0.515    0.0585    0.1372         0
     22/29     10.9G   0.03308   0.03388         0   0.06695       468       640    0.9101    0.8653    0.9253    0.5149   0.05882    0.1336         0
     23/29     10.9G   0.03313   0.03417         0   0.06729       628       640    0.9169    0.8641     0.928    0.5205   0.05838    0.1348         0
     24/29     10.9G   0.03284   0.03435         0   0.06719       480       640    0.9085    0.8732     0.928    0.5202   0.05838    0.1364         0
     25/29     10.9G   0.03278    0.0343         0   0.06707       589       640    0.9174    0.8653    0.9272    0.5213   0.05825    0.1365         0
     26/29     10.9G   0.03275   0.03406         0   0.06682       524       640    0.9147    0.8709    0.9303    0.5208   0.05818    0.1353         0
     27/29     10.9G   0.03257   0.03367         0   0.06624       528       640    0.9156    0.8693    0.9293    0.5226    0.0582    0.1364         0
     28/29     10.9G   0.03259   0.03381         0    0.0664       567       640    0.9109    0.8763    0.9313    0.5217   0.05821    0.1358         0
     29/29     10.9G   0.03252   0.03398         0    0.0665       656       640    0.9112    0.8787    0.9325    0.5234   0.05821    0.1356         0
